0.000000000000000000e+00 6.766567420298994709e-06 0.000000000000000000e+00 0.000000000000000000e+00 0.000000000000000000e+00 0.000000000000000000e+00 0.000000000000000000e+00 0.000000000000000000e+00 0.000000000000000000e+00 0.000000000000000000e+00
2.240838049539418596e-06 0.000000000000000000e+00 9.504971190458482358e-06 0.000000000000000000e+00 0.000000000000000000e+00 0.000000000000000000e+00 0.000000000000000000e+00 0.000000000000000000e+00 0.000000000000000000e+00 0.000000000000000000e+00
0.000000000000000000e+00 5.312040952519401058e-06 0.000000000000000000e+00 1.878128966586058480e-05 0.000000000000000000e+00 0.000000000000000000e+00 0.000000000000000000e+00 0.000000000000000000e+00 0.000000000000000000e+00 0.000000000000000000e+00
0.000000000000000000e+00 0.000000000000000000e+00 1.498668856673175795e-05 0.000000000000000000e+00 4.635159557092611703e-05 9.590363252611683114e-05 8.366459402318984108e-07 2.696760480080703223e-05 2.725811152469156327e-05 6.362266727531767449e-07
0.000000000000000000e+00 0.000000000000000000e+00 0.000000000000000000e+00 3.515042276381488917e-05 0.000000000000000000e+00 0.000000000000000000e+00 0.000000000000000000e+00 0.000000000000000000e+00 0.000000000000000000e+00 0.000000000000000000e+00
0.000000000000000000e+00 0.000000000000000000e+00 0.000000000000000000e+00 1.084877106689592885e-04 0.000000000000000000e+00 0.000000000000000000e+00 1.178638908105426061e-04 0.000000000000000000e+00 0.000000000000000000e+00 0.000000000000000000e+00
0.000000000000000000e+00 0.000000000000000000e+00 0.000000000000000000e+00 3.397349496224840703e-06 0.000000000000000000e+00 1.526756720029644892e-04 0.000000000000000000e+00 0.000000000000000000e+00 5.957978534270812166e-05 2.256446859130630520e-04
0.000000000000000000e+00 0.000000000000000000e+00 0.000000000000000000e+00 2.621058832023234221e-05 0.000000000000000000e+00 0.000000000000000000e+00 0.000000000000000000e+00 0.000000000000000000e+00 0.000000000000000000e+00 0.000000000000000000e+00
0.000000000000000000e+00 0.000000000000000000e+00 0.000000000000000000e+00 4.392901691553955187e-05 0.000000000000000000e+00 0.000000000000000000e+00 4.138620685934702755e-05 0.000000000000000000e+00 0.000000000000000000e+00 0.000000000000000000e+00
0.000000000000000000e+00 0.000000000000000000e+00 0.000000000000000000e+00 1.860880592555797346e-06 0.000000000000000000e+00 0.000000000000000000e+00 3.735348383299821125e-04 0.000000000000000000e+00 0.000000000000000000e+00 0.000000000000000000e+00
